0.002691
0.00157183
4.8543e-05
0.00343677
1.45179
0.195264
0.000526394
1.98584
0.000166025
1.7619e-05
4.177e-06
0.000428225
1.86676
0.221718
0.000607163
5.59431
0.00022668
1.7366e-05
3.899e-06
0.000238444
0.00266996
0.0186502
5.0033e-05
0.00881972
1.43676
0.239741
0.000479661
3.83967
1437.59
66.1938
0.00684515
3830.28
1.70001e+06
127829
0.109297
3.97016e+06
7.113e-06
9.1485e-05
6.875e-06
0.00102048
7.054e-06
0.000426205
1.3355e-05
0.0125561
1.2566e-05
0.00204235
1.28e-05
0.160891
1.0611e-05
0.00129873
2.1317e-05
0.441035
