--arreglo--
4e-06
1e-06
0
0
1e-06
0
1e-06
0
0
1e-06
0
0
0
0
1e-06
1e-06
0
0
0
1e-06
0
0
0
0
2e-06
0
0
0
0
1e-06
0
0
0
0
1e-06
1e-06
0
0
0
1e-06
0
0
0
0
2e-06
0
0
0
0
1e-06
0
0
0
0
1e-06
1e-06
0
0
0
1e-06
0
0
0
0
1e-06
0
0
1e-06
0
1e-06
0
0
0
0
2e-06
0
1e-06
0
0
1e-06
0
0
0
1e-06
1e-06
0
0
0
0
1e-06
0
0
1e-06
0
1e-06
0
0
0
0
1e-06
--hash--
1e-06
1e-06
0
0
1e-06
1e-06
0
0
1e-06
1e-06
0
0
0
0
1e-06
1e-06
0
0
0
1e-06
0
0
0
1e-06
0
1e-06
1e-06
2e-06
2e-06
1e-06
0
1e-06
0
0
0
1e-06
1e-06
0
0
0
1e-06
0
0
0
0
1e-06
1e-06
0
0
0
1e-06
0
0
1e-06
2e-06
0
1e-06
1e-06
2e-06
8e-06
1e-06
1e-06
1e-06
2e-06
1e-06
0
0
1e-06
1e-06
0
0
1e-06
1e-06
1e-06
0
0
1e-06
1e-06
0
0
0
1e-06
1e-06
0
0
1e-06
1e-06
0
0
0
1e-06
1e-06
0
0
1e-06
1e-06
0
0
0
2e-06
--bst--
1e-06
1e-06
0
0
0
1e-06
2e-06
1e-06
5e-06
1e-06
0
0
1e-06
1e-06
0
0
0
1e-06
2e-06
1e-06
0
0
1e-06
1e-06
0
0
1e-06
2e-06
1e-06
0
0
1e-06
1e-06
0
0
2e-06
2e-06
0
0
0
1e-06
2e-06
1e-06
1e-06
2e-06
1e-06
0
0
0
1e-06
0
0
1e-06
1e-06
2e-06
0
0
0
1e-06
1e-06
1e-06
0
0
2e-06
0
1e-06
1e-06
0
1e-06
0
2e-06
0
0
2e-06
1e-06
1e-06
0
1e-06
1e-06
0
1e-06
1e-06
0
1e-06
1e-06
0
0
0
1e-06
0
0
1e-06
0
1e-06
1e-06
1e-06
0
0
2e-06
0
--lista--
1e-06
0
1e-06
1e-06
0
0
0
1e-06
1e-06
1e-06
0
0
0
1e-06
1e-06
0
1e-06
1e-06
1e-06
0
0
1e-06
0
1e-06
0
1e-06
1e-06
0
2e-06
0
0
1e-06
0
2e-06
0
1.4e-05
1e-06
0
2e-06
1e-06
0
0
1e-06
1e-06
1e-06
0
0
1e-06
1e-06
1e-06
0
0
0
0
1e-06
1e-06
0
0
1e-06
1e-06
0
0
0
1e-06
2e-06
0
0
2e-06
0
0
1e-06
0
1e-06
0
1e-06
1e-06
1e-06
0
0
2e-06
2e-06
1e-06
0
2e-06
1e-06
0
2e-06
1e-06
0
0
1e-06
0
1e-06
0
0
0
2e-06
1e-06
0
0
